

   Hyper Ferris 0.1.0

8   0 1 0 0 0 0 0 0 
7   1 1 0 0 0 0 0 0 
6   0 0 0 0 0 0 0 0 
5   0 0 0 0 0 0 0 0 
4   0 0 0 0 0 0 0 0 
3   0 0 0 0 0 0 0 0 
2   0 0 0 0 0 0 0 0 
1   0 0 0 0 0 0 0 0 

    a b c d e f g h

  Bitboard: 770


8   1 0 1 0 0 0 0 0 
7   1 1 1 0 0 0 0 0 
6   0 0 0 0 0 0 0 0 
5   0 0 0 0 0 0 0 0 
4   0 0 0 0 0 0 0 0 
3   0 0 0 0 0 0 0 0 
2   0 0 0 0 0 0 0 0 
1   0 0 0 0 0 0 0 0 

    a b c d e f g h

  Bitboard: 1797


8   0 1 0 1 0 0 0 0 
7   0 1 1 1 0 0 0 0 
6   0 0 0 0 0 0 0 0 
5   0 0 0 0 0 0 0 0 
4   0 0 0 0 0 0 0 0 
3   0 0 0 0 0 0 0 0 
2   0 0 0 0 0 0 0 0 
1   0 0 0 0 0 0 0 0 

    a b c d e f g h

  Bitboard: 3594


8   0 0 1 0 1 0 0 0 
7   0 0 1 1 1 0 0 0 
6   0 0 0 0 0 0 0 0 
5   0 0 0 0 0 0 0 0 
4   0 0 0 0 0 0 0 0 
3   0 0 0 0 0 0 0 0 
2   0 0 0 0 0 0 0 0 
1   0 0 0 0 0 0 0 0 

    a b c d e f g h

  Bitboard: 7188


8   0 0 0 1 0 1 0 0 
7   0 0 0 1 1 1 0 0 
6   0 0 0 0 0 0 0 0 
5   0 0 0 0 0 0 0 0 
4   0 0 0 0 0 0 0 0 
3   0 0 0 0 0 0 0 0 
2   0 0 0 0 0 0 0 0 
1   0 0 0 0 0 0 0 0 

    a b c d e f g h

  Bitboard: 14376


8   0 0 0 0 1 0 1 0 
7   0 0 0 0 1 1 1 0 
6   0 0 0 0 0 0 0 0 
5   0 0 0 0 0 0 0 0 
4   0 0 0 0 0 0 0 0 
3   0 0 0 0 0 0 0 0 
2   0 0 0 0 0 0 0 0 
1   0 0 0 0 0 0 0 0 

    a b c d e f g h

  Bitboard: 28752


8   0 0 0 0 0 1 0 1 
7   0 0 0 0 0 1 1 1 
6   0 0 0 0 0 0 0 0 
5   0 0 0 0 0 0 0 0 
4   0 0 0 0 0 0 0 0 
3   0 0 0 0 0 0 0 0 
2   0 0 0 0 0 0 0 0 
1   0 0 0 0 0 0 0 0 

    a b c d e f g h

  Bitboard: 57504


8   0 0 0 0 0 0 1 0 
7   0 0 0 0 0 0 1 1 
6   0 0 0 0 0 0 0 0 
5   0 0 0 0 0 0 0 0 
4   0 0 0 0 0 0 0 0 
3   0 0 0 0 0 0 0 0 
2   0 0 0 0 0 0 0 0 
1   0 0 0 0 0 0 0 0 

    a b c d e f g h

  Bitboard: 49216


8   1 1 0 0 0 0 0 0 
7   0 1 0 0 0 0 0 0 
6   1 1 0 0 0 0 0 0 
5   0 0 0 0 0 0 0 0 
4   0 0 0 0 0 0 0 0 
3   0 0 0 0 0 0 0 0 
2   0 0 0 0 0 0 0 0 
1   0 0 0 0 0 0 0 0 

    a b c d e f g h

  Bitboard: 197123


8   1 1 1 0 0 0 0 0 
7   1 0 1 0 0 0 0 0 
6   1 1 1 0 0 0 0 0 
5   0 0 0 0 0 0 0 0 
4   0 0 0 0 0 0 0 0 
3   0 0 0 0 0 0 0 0 
2   0 0 0 0 0 0 0 0 
1   0 0 0 0 0 0 0 0 

    a b c d e f g h

  Bitboard: 460039


8   0 1 1 1 0 0 0 0 
7   0 1 0 1 0 0 0 0 
6   0 1 1 1 0 0 0 0 
5   0 0 0 0 0 0 0 0 
4   0 0 0 0 0 0 0 0 
3   0 0 0 0 0 0 0 0 
2   0 0 0 0 0 0 0 0 
1   0 0 0 0 0 0 0 0 

    a b c d e f g h

  Bitboard: 920078


8   0 0 1 1 1 0 0 0 
7   0 0 1 0 1 0 0 0 
6   0 0 1 1 1 0 0 0 
5   0 0 0 0 0 0 0 0 
4   0 0 0 0 0 0 0 0 
3   0 0 0 0 0 0 0 0 
2   0 0 0 0 0 0 0 0 
1   0 0 0 0 0 0 0 0 

    a b c d e f g h

  Bitboard: 1840156


8   0 0 0 1 1 1 0 0 
7   0 0 0 1 0 1 0 0 
6   0 0 0 1 1 1 0 0 
5   0 0 0 0 0 0 0 0 
4   0 0 0 0 0 0 0 0 
3   0 0 0 0 0 0 0 0 
2   0 0 0 0 0 0 0 0 
1   0 0 0 0 0 0 0 0 

    a b c d e f g h

  Bitboard: 3680312


8   0 0 0 0 1 1 1 0 
7   0 0 0 0 1 0 1 0 
6   0 0 0 0 1 1 1 0 
5   0 0 0 0 0 0 0 0 
4   0 0 0 0 0 0 0 0 
3   0 0 0 0 0 0 0 0 
2   0 0 0 0 0 0 0 0 
1   0 0 0 0 0 0 0 0 

    a b c d e f g h

  Bitboard: 7360624


8   0 0 0 0 0 1 1 1 
7   0 0 0 0 0 1 0 1 
6   0 0 0 0 0 1 1 1 
5   0 0 0 0 0 0 0 0 
4   0 0 0 0 0 0 0 0 
3   0 0 0 0 0 0 0 0 
2   0 0 0 0 0 0 0 0 
1   0 0 0 0 0 0 0 0 

    a b c d e f g h

  Bitboard: 14721248


8   0 0 0 0 0 0 1 1 
7   0 0 0 0 0 0 1 0 
6   0 0 0 0 0 0 1 1 
5   0 0 0 0 0 0 0 0 
4   0 0 0 0 0 0 0 0 
3   0 0 0 0 0 0 0 0 
2   0 0 0 0 0 0 0 0 
1   0 0 0 0 0 0 0 0 

    a b c d e f g h

  Bitboard: 12599488


8   0 0 0 0 0 0 0 0 
7   1 1 0 0 0 0 0 0 
6   0 1 0 0 0 0 0 0 
5   1 1 0 0 0 0 0 0 
4   0 0 0 0 0 0 0 0 
3   0 0 0 0 0 0 0 0 
2   0 0 0 0 0 0 0 0 
1   0 0 0 0 0 0 0 0 

    a b c d e f g h

  Bitboard: 50463488


8   0 0 0 0 0 0 0 0 
7   1 1 1 0 0 0 0 0 
6   1 0 1 0 0 0 0 0 
5   1 1 1 0 0 0 0 0 
4   0 0 0 0 0 0 0 0 
3   0 0 0 0 0 0 0 0 
2   0 0 0 0 0 0 0 0 
1   0 0 0 0 0 0 0 0 

    a b c d e f g h

  Bitboard: 117769984


8   0 0 0 0 0 0 0 0 
7   0 1 1 1 0 0 0 0 
6   0 1 0 1 0 0 0 0 
5   0 1 1 1 0 0 0 0 
4   0 0 0 0 0 0 0 0 
3   0 0 0 0 0 0 0 0 
2   0 0 0 0 0 0 0 0 
1   0 0 0 0 0 0 0 0 

    a b c d e f g h

  Bitboard: 235539968


8   0 0 0 0 0 0 0 0 
7   0 0 1 1 1 0 0 0 
6   0 0 1 0 1 0 0 0 
5   0 0 1 1 1 0 0 0 
4   0 0 0 0 0 0 0 0 
3   0 0 0 0 0 0 0 0 
2   0 0 0 0 0 0 0 0 
1   0 0 0 0 0 0 0 0 

    a b c d e f g h

  Bitboard: 471079936


8   0 0 0 0 0 0 0 0 
7   0 0 0 1 1 1 0 0 
6   0 0 0 1 0 1 0 0 
5   0 0 0 1 1 1 0 0 
4   0 0 0 0 0 0 0 0 
3   0 0 0 0 0 0 0 0 
2   0 0 0 0 0 0 0 0 
1   0 0 0 0 0 0 0 0 

    a b c d e f g h

  Bitboard: 942159872


8   0 0 0 0 0 0 0 0 
7   0 0 0 0 1 1 1 0 
6   0 0 0 0 1 0 1 0 
5   0 0 0 0 1 1 1 0 
4   0 0 0 0 0 0 0 0 
3   0 0 0 0 0 0 0 0 
2   0 0 0 0 0 0 0 0 
1   0 0 0 0 0 0 0 0 

    a b c d e f g h

  Bitboard: 1884319744


8   0 0 0 0 0 0 0 0 
7   0 0 0 0 0 1 1 1 
6   0 0 0 0 0 1 0 1 
5   0 0 0 0 0 1 1 1 
4   0 0 0 0 0 0 0 0 
3   0 0 0 0 0 0 0 0 
2   0 0 0 0 0 0 0 0 
1   0 0 0 0 0 0 0 0 

    a b c d e f g h

  Bitboard: 3768639488


8   0 0 0 0 0 0 0 0 
7   0 0 0 0 0 0 1 1 
6   0 0 0 0 0 0 1 0 
5   0 0 0 0 0 0 1 1 
4   0 0 0 0 0 0 0 0 
3   0 0 0 0 0 0 0 0 
2   0 0 0 0 0 0 0 0 
1   0 0 0 0 0 0 0 0 

    a b c d e f g h

  Bitboard: 3225468928


8   0 0 0 0 0 0 0 0 
7   0 0 0 0 0 0 0 0 
6   1 1 0 0 0 0 0 0 
5   0 1 0 0 0 0 0 0 
4   1 1 0 0 0 0 0 0 
3   0 0 0 0 0 0 0 0 
2   0 0 0 0 0 0 0 0 
1   0 0 0 0 0 0 0 0 

    a b c d e f g h

  Bitboard: 12918652928


8   0 0 0 0 0 0 0 0 
7   0 0 0 0 0 0 0 0 
6   1 1 1 0 0 0 0 0 
5   1 0 1 0 0 0 0 0 
4   1 1 1 0 0 0 0 0 
3   0 0 0 0 0 0 0 0 
2   0 0 0 0 0 0 0 0 
1   0 0 0 0 0 0 0 0 

    a b c d e f g h

  Bitboard: 30149115904


8   0 0 0 0 0 0 0 0 
7   0 0 0 0 0 0 0 0 
6   0 1 1 1 0 0 0 0 
5   0 1 0 1 0 0 0 0 
4   0 1 1 1 0 0 0 0 
3   0 0 0 0 0 0 0 0 
2   0 0 0 0 0 0 0 0 
1   0 0 0 0 0 0 0 0 

    a b c d e f g h

  Bitboard: 60298231808


8   0 0 0 0 0 0 0 0 
7   0 0 0 0 0 0 0 0 
6   0 0 1 1 1 0 0 0 
5   0 0 1 0 1 0 0 0 
4   0 0 1 1 1 0 0 0 
3   0 0 0 0 0 0 0 0 
2   0 0 0 0 0 0 0 0 
1   0 0 0 0 0 0 0 0 

    a b c d e f g h

  Bitboard: 120596463616


8   0 0 0 0 0 0 0 0 
7   0 0 0 0 0 0 0 0 
6   0 0 0 1 1 1 0 0 
5   0 0 0 1 0 1 0 0 
4   0 0 0 1 1 1 0 0 
3   0 0 0 0 0 0 0 0 
2   0 0 0 0 0 0 0 0 
1   0 0 0 0 0 0 0 0 

    a b c d e f g h

  Bitboard: 241192927232


8   0 0 0 0 0 0 0 0 
7   0 0 0 0 0 0 0 0 
6   0 0 0 0 1 1 1 0 
5   0 0 0 0 1 0 1 0 
4   0 0 0 0 1 1 1 0 
3   0 0 0 0 0 0 0 0 
2   0 0 0 0 0 0 0 0 
1   0 0 0 0 0 0 0 0 

    a b c d e f g h

  Bitboard: 482385854464


8   0 0 0 0 0 0 0 0 
7   0 0 0 0 0 0 0 0 
6   0 0 0 0 0 1 1 1 
5   0 0 0 0 0 1 0 1 
4   0 0 0 0 0 1 1 1 
3   0 0 0 0 0 0 0 0 
2   0 0 0 0 0 0 0 0 
1   0 0 0 0 0 0 0 0 

    a b c d e f g h

  Bitboard: 964771708928


8   0 0 0 0 0 0 0 0 
7   0 0 0 0 0 0 0 0 
6   0 0 0 0 0 0 1 1 
5   0 0 0 0 0 0 1 0 
4   0 0 0 0 0 0 1 1 
3   0 0 0 0 0 0 0 0 
2   0 0 0 0 0 0 0 0 
1   0 0 0 0 0 0 0 0 

    a b c d e f g h

  Bitboard: 825720045568


8   0 0 0 0 0 0 0 0 
7   0 0 0 0 0 0 0 0 
6   0 0 0 0 0 0 0 0 
5   1 1 0 0 0 0 0 0 
4   0 1 0 0 0 0 0 0 
3   1 1 0 0 0 0 0 0 
2   0 0 0 0 0 0 0 0 
1   0 0 0 0 0 0 0 0 

    a b c d e f g h

  Bitboard: 3307175149568


8   0 0 0 0 0 0 0 0 
7   0 0 0 0 0 0 0 0 
6   0 0 0 0 0 0 0 0 
5   1 1 1 0 0 0 0 0 
4   1 0 1 0 0 0 0 0 
3   1 1 1 0 0 0 0 0 
2   0 0 0 0 0 0 0 0 
1   0 0 0 0 0 0 0 0 

    a b c d e f g h

  Bitboard: 7718173671424


8   0 0 0 0 0 0 0 0 
7   0 0 0 0 0 0 0 0 
6   0 0 0 0 0 0 0 0 
5   0 1 1 1 0 0 0 0 
4   0 1 0 1 0 0 0 0 
3   0 1 1 1 0 0 0 0 
2   0 0 0 0 0 0 0 0 
1   0 0 0 0 0 0 0 0 

    a b c d e f g h

  Bitboard: 15436347342848


8   0 0 0 0 0 0 0 0 
7   0 0 0 0 0 0 0 0 
6   0 0 0 0 0 0 0 0 
5   0 0 1 1 1 0 0 0 
4   0 0 1 0 1 0 0 0 
3   0 0 1 1 1 0 0 0 
2   0 0 0 0 0 0 0 0 
1   0 0 0 0 0 0 0 0 

    a b c d e f g h

  Bitboard: 30872694685696


8   0 0 0 0 0 0 0 0 
7   0 0 0 0 0 0 0 0 
6   0 0 0 0 0 0 0 0 
5   0 0 0 1 1 1 0 0 
4   0 0 0 1 0 1 0 0 
3   0 0 0 1 1 1 0 0 
2   0 0 0 0 0 0 0 0 
1   0 0 0 0 0 0 0 0 

    a b c d e f g h

  Bitboard: 61745389371392


8   0 0 0 0 0 0 0 0 
7   0 0 0 0 0 0 0 0 
6   0 0 0 0 0 0 0 0 
5   0 0 0 0 1 1 1 0 
4   0 0 0 0 1 0 1 0 
3   0 0 0 0 1 1 1 0 
2   0 0 0 0 0 0 0 0 
1   0 0 0 0 0 0 0 0 

    a b c d e f g h

  Bitboard: 123490778742784


8   0 0 0 0 0 0 0 0 
7   0 0 0 0 0 0 0 0 
6   0 0 0 0 0 0 0 0 
5   0 0 0 0 0 1 1 1 
4   0 0 0 0 0 1 0 1 
3   0 0 0 0 0 1 1 1 
2   0 0 0 0 0 0 0 0 
1   0 0 0 0 0 0 0 0 

    a b c d e f g h

  Bitboard: 246981557485568


8   0 0 0 0 0 0 0 0 
7   0 0 0 0 0 0 0 0 
6   0 0 0 0 0 0 0 0 
5   0 0 0 0 0 0 1 1 
4   0 0 0 0 0 0 1 0 
3   0 0 0 0 0 0 1 1 
2   0 0 0 0 0 0 0 0 
1   0 0 0 0 0 0 0 0 

    a b c d e f g h

  Bitboard: 211384331665408


8   0 0 0 0 0 0 0 0 
7   0 0 0 0 0 0 0 0 
6   0 0 0 0 0 0 0 0 
5   0 0 0 0 0 0 0 0 
4   1 1 0 0 0 0 0 0 
3   0 1 0 0 0 0 0 0 
2   1 1 0 0 0 0 0 0 
1   0 0 0 0 0 0 0 0 

    a b c d e f g h

  Bitboard: 846636838289408


8   0 0 0 0 0 0 0 0 
7   0 0 0 0 0 0 0 0 
6   0 0 0 0 0 0 0 0 
5   0 0 0 0 0 0 0 0 
4   1 1 1 0 0 0 0 0 
3   1 0 1 0 0 0 0 0 
2   1 1 1 0 0 0 0 0 
1   0 0 0 0 0 0 0 0 

    a b c d e f g h

  Bitboard: 1975852459884544


8   0 0 0 0 0 0 0 0 
7   0 0 0 0 0 0 0 0 
6   0 0 0 0 0 0 0 0 
5   0 0 0 0 0 0 0 0 
4   0 1 1 1 0 0 0 0 
3   0 1 0 1 0 0 0 0 
2   0 1 1 1 0 0 0 0 
1   0 0 0 0 0 0 0 0 

    a b c d e f g h

  Bitboard: 3951704919769088


8   0 0 0 0 0 0 0 0 
7   0 0 0 0 0 0 0 0 
6   0 0 0 0 0 0 0 0 
5   0 0 0 0 0 0 0 0 
4   0 0 1 1 1 0 0 0 
3   0 0 1 0 1 0 0 0 
2   0 0 1 1 1 0 0 0 
1   0 0 0 0 0 0 0 0 

    a b c d e f g h

  Bitboard: 7903409839538176


8   0 0 0 0 0 0 0 0 
7   0 0 0 0 0 0 0 0 
6   0 0 0 0 0 0 0 0 
5   0 0 0 0 0 0 0 0 
4   0 0 0 1 1 1 0 0 
3   0 0 0 1 0 1 0 0 
2   0 0 0 1 1 1 0 0 
1   0 0 0 0 0 0 0 0 

    a b c d e f g h

  Bitboard: 15806819679076352


8   0 0 0 0 0 0 0 0 
7   0 0 0 0 0 0 0 0 
6   0 0 0 0 0 0 0 0 
5   0 0 0 0 0 0 0 0 
4   0 0 0 0 1 1 1 0 
3   0 0 0 0 1 0 1 0 
2   0 0 0 0 1 1 1 0 
1   0 0 0 0 0 0 0 0 

    a b c d e f g h

  Bitboard: 31613639358152704


8   0 0 0 0 0 0 0 0 
7   0 0 0 0 0 0 0 0 
6   0 0 0 0 0 0 0 0 
5   0 0 0 0 0 0 0 0 
4   0 0 0 0 0 1 1 1 
3   0 0 0 0 0 1 0 1 
2   0 0 0 0 0 1 1 1 
1   0 0 0 0 0 0 0 0 

    a b c d e f g h

  Bitboard: 63227278716305408


8   0 0 0 0 0 0 0 0 
7   0 0 0 0 0 0 0 0 
6   0 0 0 0 0 0 0 0 
5   0 0 0 0 0 0 0 0 
4   0 0 0 0 0 0 1 1 
3   0 0 0 0 0 0 1 0 
2   0 0 0 0 0 0 1 1 
1   0 0 0 0 0 0 0 0 

    a b c d e f g h

  Bitboard: 54114388906344448


8   0 0 0 0 0 0 0 0 
7   0 0 0 0 0 0 0 0 
6   0 0 0 0 0 0 0 0 
5   0 0 0 0 0 0 0 0 
4   0 0 0 0 0 0 0 0 
3   1 1 0 0 0 0 0 0 
2   0 1 0 0 0 0 0 0 
1   1 1 0 0 0 0 0 0 

    a b c d e f g h

  Bitboard: 216739030602088448


8   0 0 0 0 0 0 0 0 
7   0 0 0 0 0 0 0 0 
6   0 0 0 0 0 0 0 0 
5   0 0 0 0 0 0 0 0 
4   0 0 0 0 0 0 0 0 
3   1 1 1 0 0 0 0 0 
2   1 0 1 0 0 0 0 0 
1   1 1 1 0 0 0 0 0 

    a b c d e f g h

  Bitboard: 505818229730443264


8   0 0 0 0 0 0 0 0 
7   0 0 0 0 0 0 0 0 
6   0 0 0 0 0 0 0 0 
5   0 0 0 0 0 0 0 0 
4   0 0 0 0 0 0 0 0 
3   0 1 1 1 0 0 0 0 
2   0 1 0 1 0 0 0 0 
1   0 1 1 1 0 0 0 0 

    a b c d e f g h

  Bitboard: 1011636459460886528


8   0 0 0 0 0 0 0 0 
7   0 0 0 0 0 0 0 0 
6   0 0 0 0 0 0 0 0 
5   0 0 0 0 0 0 0 0 
4   0 0 0 0 0 0 0 0 
3   0 0 1 1 1 0 0 0 
2   0 0 1 0 1 0 0 0 
1   0 0 1 1 1 0 0 0 

    a b c d e f g h

  Bitboard: 2023272918921773056


8   0 0 0 0 0 0 0 0 
7   0 0 0 0 0 0 0 0 
6   0 0 0 0 0 0 0 0 
5   0 0 0 0 0 0 0 0 
4   0 0 0 0 0 0 0 0 
3   0 0 0 1 1 1 0 0 
2   0 0 0 1 0 1 0 0 
1   0 0 0 1 1 1 0 0 

    a b c d e f g h

  Bitboard: 4046545837843546112


8   0 0 0 0 0 0 0 0 
7   0 0 0 0 0 0 0 0 
6   0 0 0 0 0 0 0 0 
5   0 0 0 0 0 0 0 0 
4   0 0 0 0 0 0 0 0 
3   0 0 0 0 1 1 1 0 
2   0 0 0 0 1 0 1 0 
1   0 0 0 0 1 1 1 0 

    a b c d e f g h

  Bitboard: 8093091675687092224


8   0 0 0 0 0 0 0 0 
7   0 0 0 0 0 0 0 0 
6   0 0 0 0 0 0 0 0 
5   0 0 0 0 0 0 0 0 
4   0 0 0 0 0 0 0 0 
3   0 0 0 0 0 1 1 1 
2   0 0 0 0 0 1 0 1 
1   0 0 0 0 0 1 1 1 

    a b c d e f g h

  Bitboard: 16186183351374184448


8   0 0 0 0 0 0 0 0 
7   0 0 0 0 0 0 0 0 
6   0 0 0 0 0 0 0 0 
5   0 0 0 0 0 0 0 0 
4   0 0 0 0 0 0 0 0 
3   0 0 0 0 0 0 1 1 
2   0 0 0 0 0 0 1 0 
1   0 0 0 0 0 0 1 1 

    a b c d e f g h

  Bitboard: 13853283560024178688


8   0 0 0 0 0 0 0 0 
7   0 0 0 0 0 0 0 0 
6   0 0 0 0 0 0 0 0 
5   0 0 0 0 0 0 0 0 
4   0 0 0 0 0 0 0 0 
3   0 0 0 0 0 0 0 0 
2   1 1 0 0 0 0 0 0 
1   0 1 0 0 0 0 0 0 

    a b c d e f g h

  Bitboard: 144959613005987840


8   0 0 0 0 0 0 0 0 
7   0 0 0 0 0 0 0 0 
6   0 0 0 0 0 0 0 0 
5   0 0 0 0 0 0 0 0 
4   0 0 0 0 0 0 0 0 
3   0 0 0 0 0 0 0 0 
2   1 1 1 0 0 0 0 0 
1   1 0 1 0 0 0 0 0 

    a b c d e f g h

  Bitboard: 362258295026614272


8   0 0 0 0 0 0 0 0 
7   0 0 0 0 0 0 0 0 
6   0 0 0 0 0 0 0 0 
5   0 0 0 0 0 0 0 0 
4   0 0 0 0 0 0 0 0 
3   0 0 0 0 0 0 0 0 
2   0 1 1 1 0 0 0 0 
1   0 1 0 1 0 0 0 0 

    a b c d e f g h

  Bitboard: 724516590053228544


8   0 0 0 0 0 0 0 0 
7   0 0 0 0 0 0 0 0 
6   0 0 0 0 0 0 0 0 
5   0 0 0 0 0 0 0 0 
4   0 0 0 0 0 0 0 0 
3   0 0 0 0 0 0 0 0 
2   0 0 1 1 1 0 0 0 
1   0 0 1 0 1 0 0 0 

    a b c d e f g h

  Bitboard: 1449033180106457088


8   0 0 0 0 0 0 0 0 
7   0 0 0 0 0 0 0 0 
6   0 0 0 0 0 0 0 0 
5   0 0 0 0 0 0 0 0 
4   0 0 0 0 0 0 0 0 
3   0 0 0 0 0 0 0 0 
2   0 0 0 1 1 1 0 0 
1   0 0 0 1 0 1 0 0 

    a b c d e f g h

  Bitboard: 2898066360212914176


8   0 0 0 0 0 0 0 0 
7   0 0 0 0 0 0 0 0 
6   0 0 0 0 0 0 0 0 
5   0 0 0 0 0 0 0 0 
4   0 0 0 0 0 0 0 0 
3   0 0 0 0 0 0 0 0 
2   0 0 0 0 1 1 1 0 
1   0 0 0 0 1 0 1 0 

    a b c d e f g h

  Bitboard: 5796132720425828352


8   0 0 0 0 0 0 0 0 
7   0 0 0 0 0 0 0 0 
6   0 0 0 0 0 0 0 0 
5   0 0 0 0 0 0 0 0 
4   0 0 0 0 0 0 0 0 
3   0 0 0 0 0 0 0 0 
2   0 0 0 0 0 1 1 1 
1   0 0 0 0 0 1 0 1 

    a b c d e f g h

  Bitboard: 11592265440851656704


8   0 0 0 0 0 0 0 0 
7   0 0 0 0 0 0 0 0 
6   0 0 0 0 0 0 0 0 
5   0 0 0 0 0 0 0 0 
4   0 0 0 0 0 0 0 0 
3   0 0 0 0 0 0 0 0 
2   0 0 0 0 0 0 1 1 
1   0 0 0 0 0 0 1 0 

    a b c d e f g h

  Bitboard: 4665729213955833856


